847343920623177733
898150399676493824
912571375386316800
994629370277920769
1745610144
885075591225016320
818341488098705409
747190374112890880
728216036680605697
76172541
3069631305
719453399968784384
6029522
3061455423
895254338817359874
1009859713301929989
16477634
50393960
885835554776121344
951568299107774464
948534945122848768
2755066155
3325078161
309064867
2789362466
818736436614721537
1527424670
1021112700695441410
3315008426
4076463071
2211404814
2453333024
1122208657
707471622
1303977955
987086852510404609
373915078
3001128093
992103532722556928
1385307680
637041408
541601504
798871170
1040522868398989312
709643629292343296
885184820250148864
888861289526829056
470212735
4849144084
941044216167325697
2241200860
2679636660
899981936734744577
4463292435
1362340922
246780025
919232389787811841
941027909447421952
902045363732975617
913323486977896448
2233447940
871674518137438209
1004666810690625536